# frame trajectory file 
# Each line represents the origin and axis vectors of a moving coordinate frame.
# A <> in the format represents an (x,y,z) triple.
# format: timestamp <origin> <X axis> <Y axis> <Z axis>
# units: seconds, millimeters
0.000000   3118.808232 2583.467210 1750.576708   -0.992648 0.031914 -0.116756   -0.031872 -0.999489 -0.002226   -0.116767 0.001512 0.993158
0.100000   3118.810512 2583.468979 1750.592928   -0.992698 0.031832 -0.116352   -0.031789 -0.999492 -0.002220   -0.116364 0.001495 0.993206
0.200000   3118.815242 2583.463479 1750.593518   -0.992652 0.031589 -0.116804   -0.031548 -0.999500 -0.002200   -0.116815 0.001501 0.993153
0.300000   3118.818372 2583.464199 1750.583748   -0.992675 0.031943 -0.116515   -0.031900 -0.999489 -0.002228   -0.116527 0.001505 0.993186
0.400000   3118.817222 2583.461789 1750.592328   -0.992618 0.031540 -0.117114   -0.031499 -0.999501 -0.002197   -0.117124 0.001508 0.993116
0.500000   3118.821972 2583.456719 1750.578018   -0.992639 0.031448 -0.116954   -0.031407 -0.999504 -0.002191   -0.116965 0.001498 0.993135
0.600000   3118.819481 2583.459160 1750.561568   -0.992642 0.031955 -0.116795   -0.031914 -0.999488 -0.002222   -0.116806 0.001522 0.993154
0.700000   3119.298557 2583.420912 1750.057304   -0.991881 0.039188 -0.120984   -0.039135 -0.999230 -0.002813   -0.121001 0.001945 0.992650
0.800000   3122.964430 2583.406545 1740.730267   -0.991049 0.063975 -0.117173   -0.063897 -0.997947 -0.004427   -0.117215 0.003099 0.993102
0.900000   3128.216636 2583.322213 1717.188557   -0.990204 0.075712 -0.117318   -0.075627 -0.997123 -0.005182   -0.117372 0.003741 0.993081
1.000000   3133.351463 2583.212814 1682.018109   -0.989896 0.081378 -0.116119   -0.081290 -0.996675 -0.005499   -0.116180 0.003996 0.993220
1.100000   3131.629437 2583.126374 1648.235783   -0.990548 0.076098 -0.114124   -0.076002 -0.997094 -0.005197   -0.114188 0.003525 0.993453
1.200000   3127.081886 2583.017030 1620.691052   -0.991198 0.060274 -0.117872   -0.060202 -0.998178 -0.004167   -0.117908 0.002966 0.993020
1.300000   3122.630732 2582.952180 1597.908599   -0.991260 0.065407 -0.114571   -0.065349 -0.997853 -0.004268   -0.114604 0.003256 0.993406
1.400000   3119.528695 2582.859576 1576.902459   -0.991163 0.057338 -0.119614   -0.057261 -0.998351 -0.004082   -0.119651 0.002803 0.992812
1.500000   3118.052597 2582.739289 1557.396997   -0.991123 0.058573 -0.119353   -0.058503 -0.998279 -0.004091   -0.119387 0.002927 0.992843
1.600000   3116.487218 2582.657737 1538.975147   -0.990502 0.064330 -0.121525   -0.064240 -0.997924 -0.004667   -0.121573 0.003184 0.992577
1.700000   3112.197796 2582.516982 1520.824568   -0.990659 0.057284 -0.123747   -0.057207 -0.998354 -0.004173   -0.123782 0.002946 0.992305
1.800000   3107.961128 2582.401600 1502.463109   -0.990936 0.056260 -0.121983   -0.056185 -0.998412 -0.004055   -0.122018 0.002835 0.992524
1.900000   3103.758441 2582.328310 1485.242009   -0.990875 0.062952 -0.119177   -0.062869 -0.998012 -0.004454   -0.119221 0.003080 0.992863
2.008333   3099.478003 2582.067053 1466.547838   -0.989289 0.070207 -0.127976   -0.070177 -0.997523 -0.004751   -0.127993 0.004280 0.991766
2.108333   3095.954777 2581.930665 1446.764549   -0.990400 0.055480 -0.126610   -0.055460 -0.998454 -0.003683   -0.126618 0.003374 0.991946
2.233333   3091.616834 2581.765852 1420.280891   -0.989903 0.062794 -0.127084   -0.062771 -0.998019 -0.004187   -0.127095 0.003832 0.991883
2.341667   3087.998300 2581.480631 1394.976423   -0.988959 0.071202 -0.129965   -0.071210 -0.997451 -0.004593   -0.129961 0.004713 0.991508
2.441667   3086.283826 2581.320595 1369.225826   -0.985474 0.095716 -0.140282   -0.095538 -0.995394 -0.008020   -0.140404 0.005499 0.990079
2.541667   3085.100196 2581.285842 1343.555566   -0.987280 0.092536 -0.129289   -0.092568 -0.995690 -0.005772   -0.129265 0.006270 0.991590
2.641667   3082.802694 2581.217790 1321.210446   -0.989124 0.096867 -0.110681   -0.096789 -0.995286 -0.006084   -0.110748 0.004695 0.993837
2.750000   3081.786953 2580.989462 1300.140700   -0.983865 0.097774 -0.149832   -0.097646 -0.995187 -0.008228   -0.149916 0.006535 0.988677
2.858333   3080.453656 2580.892666 1281.802653   -0.986808 0.106808 -0.121664   -0.106594 -0.994268 -0.008291   -0.121852 0.004787 0.992537
3.033333   3077.496183 2580.896236 1251.483512   -0.980503 0.151180 -0.125532   -0.150920 -0.988478 -0.011634   -0.125844 0.007538 0.992021
7.008333   3593.026203 2581.833749 1355.250503   -0.961359 0.246558 -0.122466   -0.246449 -0.969019 -0.016278   -0.122686 0.014532 0.992339
7.133333   3592.716449 2582.052960 1380.313075   -0.962118 0.233172 -0.141278   -0.233029 -0.972307 -0.017785   -0.141513 0.015811 0.989810
7.233333   3592.241376 2582.059105 1399.460007   -0.967446 0.219492 -0.125981   -0.219352 -0.975528 -0.015160   -0.126225 0.012968 0.991917
7.333333   3590.918899 2582.235868 1418.741555   -0.967427 0.213732 -0.135660   -0.213606 -0.976795 -0.015658   -0.135859 0.013829 0.990632
7.433333   3588.113784 2582.693157 1438.748887   -0.965169 0.230611 -0.123561   -0.229950 -0.973001 -0.019784   -0.124788 0.009318 0.992140
7.533333   3585.096724 2582.363111 1459.279301   -0.973221 0.186005 -0.135066   -0.185854 -0.982480 -0.013835   -0.135273 0.011638 0.990740
7.633333   3582.455801 2582.323725 1478.812771   -0.975940 0.179461 -0.123835   -0.179323 -0.983713 -0.012351   -0.124035 0.010152 0.992226
7.733333   3580.043849 2582.488745 1497.185847   -0.973871 0.182382 -0.135319   -0.182225 -0.983162 -0.013651   -0.135530 0.011364 0.990708
7.833333   3579.133033 2582.594180 1515.404993   -0.973631 0.183965 -0.134907   -0.183857 -0.982862 -0.013370   -0.135055 0.011787 0.990768
7.933333   3579.198028 2582.655296 1532.177732   -0.973354 0.179473 -0.142728   -0.179376 -0.983686 -0.013655   -0.142850 0.012311 0.989668
8.033333   3579.801259 2582.641378 1548.815526   -0.976038 0.168652 -0.137501   -0.168519 -0.985616 -0.012690   -0.137663 0.010786 0.990420
8.133333   3580.323638 2582.808929 1564.968485   -0.979055 0.157771 -0.128682   -0.157746 -0.987424 -0.010458   -0.128714 0.010060 0.991631
8.233333   3579.350714 2582.740458 1582.969119   -0.979679 0.146236 -0.137276   -0.146128 -0.989205 -0.010925   -0.137392 0.009357 0.990473
8.341667   3575.669563 2582.820665 1604.395058   -0.982500 0.126978 -0.136272   -0.126890 -0.991873 -0.009363   -0.136354 0.008093 0.990627
8.450000   3571.104142 2582.999546 1624.316362   -0.985121 0.110113 -0.131956   -0.110093 -0.993893 -0.007473   -0.131973 0.007166 0.991227
8.566667   3565.164131 2583.673861 1642.484390   0.644800 -0.764343 -0.003430   -0.764184 -0.644559 -0.023820   0.015996 0.017980 -0.999710
8.775000   3551.893918 2583.198205 1675.776424   -0.988539 0.080128 -0.127943   -0.080124 -0.996772 -0.005191   -0.127946 0.005120 0.991768
8.908333   3545.119731 2582.966998 1689.591530   -0.974319 0.107860 -0.197660   -0.107178 -0.994139 -0.014179   -0.198030 0.007369 0.980168
9.008333   3530.822767 2583.328976 1693.454294   -0.985805 0.103797 -0.131964   -0.103601 -0.994584 -0.008366   -0.132118 0.005425 0.991219
9.158333   3499.738452 2583.867905 1694.536836   0.646631 -0.762802 -0.001048   -0.762545 -0.646377 -0.026853   0.019806 0.018163 -0.999639
9.408333   3439.677318 2583.203682 1695.802986   -0.986896 0.095663 -0.129939   -0.095532 -0.995400 -0.007255   -0.130035 0.005254 0.991495
9.600000   3383.209852 2583.230679 1696.307542   -0.988708 0.086343 -0.122484   -0.086282 -0.996254 -0.005814   -0.122527 0.004820 0.992454
9.700000   3356.734220 2583.220539 1695.117823   -0.988212 0.087256 -0.125793   -0.087198 -0.996173 -0.005975   -0.125833 0.005064 0.992039
9.800000   3330.690738 2583.226215 1693.893163   -0.989294 0.081948 -0.120760   -0.081909 -0.996626 -0.005297   -0.120787 0.004651 0.992668
9.900000   3307.635260 2583.082691 1691.015341   -0.988952 0.076930 -0.126716   -0.076892 -0.997026 -0.005196   -0.126739 0.004604 0.991926
10.000000   3284.622417 2583.089631 1687.888731   -0.990557 0.065785 -0.120289   -0.065757 -0.997827 -0.004209   -0.120305 0.003741 0.992730
10.100000   3260.945016 2583.036212 1687.104127   -0.991049 0.055720 -0.121312   -0.055699 -0.998441 -0.003566   -0.121321 0.003222 0.992608
10.200000   3237.955921 2583.117958 1688.025027   -0.991365 0.053795 -0.119587   -0.053776 -0.998547 -0.003388   -0.119596 0.003072 0.992818
10.300000   3217.058311 2583.093116 1689.168680   -0.991281 0.050572 -0.121678   -0.050554 -0.998716 -0.003236   -0.121685 0.002944 0.992564
10.400000   3195.068681 2583.074743 1689.943412   -0.991263 0.043613 -0.124481   -0.043594 -0.999045 -0.002884   -0.124488 0.002568 0.992218
10.500000   3173.098552 2583.123728 1689.574445   -0.991358 0.045265 -0.123130   -0.045251 -0.998972 -0.002918   -0.123136 0.002678 0.992386
10.600000   3150.654040 2583.074326 1687.999929   -0.991277 0.042769 -0.124659   -0.042749 -0.999082 -0.002835   -0.124666 0.002519 0.992196
10.700000   3127.139912 2583.106568 1685.818302   -0.991349 0.032113 -0.127261   -0.032093 -0.999483 -0.002205   -0.127266 0.001898 0.991867
10.800000   3104.430235 2582.997510 1682.949532   -0.991359 0.035025 -0.126411   -0.035001 -0.999384 -0.002410   -0.126417 0.002035 0.991975
10.900000   3081.961167 2582.840969 1680.087314   -0.991301 0.023965 -0.129415   -0.023940 -0.999712 -0.001748   -0.129419 0.001366 0.991589
11.000000   3062.108343 2582.728534 1678.097998   -0.991264 0.019426 -0.130456   -0.019409 -0.999811 -0.001403   -0.130459 0.001141 0.991453
11.100000   3044.350595 2582.676334 1677.425768   -0.991379 0.028106 -0.127972   -0.028085 -0.999604 -0.001974   -0.127977 0.001637 0.991776
11.200000   3028.101726 2582.516113 1677.533606   -0.991009 0.028803 -0.130654   -0.028772 -0.999584 -0.002125   -0.130661 0.001653 0.991426
11.300000   3015.203659 2582.474645 1676.897846   -0.990947 0.028728 -0.131144   -0.028696 -0.999586 -0.002132   -0.131151 0.001651 0.991361
11.400000   3004.109773 2582.356701 1673.357618   -0.991399 0.022950 -0.128849   -0.022920 -0.999736 -0.001710   -0.128854 0.001258 0.991663
11.500000   2990.217798 2582.067001 1667.246362   -0.990265 0.006775 -0.139027   -0.006773 -0.999977 -0.000493   -0.139027 0.000454 0.990288
11.600000   2976.764792 2581.944284 1657.996676   -0.991393 -0.004336 -0.130845   0.004334 -0.999991 0.000308   -0.130846 -0.000262 0.991403
11.725000   2961.652062 2581.961410 1636.486117   -0.992067 -0.025275 -0.123142   0.025218 -0.999680 0.002018   -0.123154 -0.001103 0.992387
11.900000   2942.253222 2581.730979 1588.616347   -0.992117 -0.052236 -0.113908   0.052136 -0.998633 0.003853   -0.113954 -0.002116 0.993484
12.108333   2921.677934 2581.638376 1520.763560   -0.991053 -0.067261 -0.115280   0.067143 -0.997731 0.004913   -0.115349 -0.002872 0.993321
12.225000   2912.552827 2581.192739 1484.074515   -0.990931 -0.051889 -0.123949   0.051883 -0.998648 0.003276   -0.123952 -0.003184 0.992283
12.433333   2895.781580 2580.746973 1426.246882   -0.991923 -0.029362 -0.123400   0.029361 -0.999567 0.001829   -0.123400 -0.001809 0.992355
15.550000   3554.439026 2581.924290 1286.627266   -0.946317 0.301085 -0.117609   -0.301444 -0.953363 -0.015151   -0.116686 0.021115 0.992944
16.000000   3536.913477 2582.250852 1464.731426   -0.964302 0.224931 -0.139744   -0.224679 -0.974271 -0.017786   -0.140149 0.014246 0.990028
16.100000   3520.891164 2582.639077 1510.896366   -0.976927 0.171873 -0.126781   -0.171848 -0.985060 -0.011215   -0.126814 0.010831 0.991867
16.208333   3502.431688 2582.767206 1556.653797   -0.979350 0.155516 -0.129187   -0.155465 -0.987785 -0.010543   -0.129248 0.009759 0.991564
16.433333   3450.347352 2583.622996 1644.790190   0.636297 -0.771438 -0.003064   -0.771301 -0.636097 -0.021817   0.014882 0.016246 -0.999757
16.566667   3408.008948 2583.336832 1688.963597   -0.992008 0.050543 -0.115609   -0.050474 -0.998719 -0.003531   -0.115640 0.002332 0.993289
16.683333   3365.442318 2583.432478 1717.978956   -0.992878 0.000573 -0.119130   -0.000571 -1.000000 -0.000055   -0.119130 0.000014 0.992879
16.783333   3328.766188 2583.429669 1736.463807   -0.992363 -0.025609 -0.120669   0.025579 -0.999671 0.001793   -0.120675 -0.001307 0.992691
16.883333   3292.720980 2583.430243 1750.539082   -0.991336 -0.052080 -0.120586   0.052015 -0.998640 0.003694   -0.120615 -0.002611 0.992696
16.983333   3259.889758 2583.473673 1759.885962   -0.990720 -0.064757 -0.119502   0.064676 -0.997896 0.004555   -0.119545 -0.003216 0.992824
17.083333   3225.862114 2583.404751 1765.784382   -0.989556 -0.081459 -0.118927   0.081347 -0.996669 0.005802   -0.119003 -0.003933 0.992886
17.183333   3195.793563 2583.463752 1769.118269   -0.989664 -0.085013 -0.115494   0.084912 -0.996372 0.005801   -0.115568 -0.004066 0.993291
17.283333   3169.277034 2583.457250 1770.675371   -0.989429 -0.081756 -0.119776   0.081656 -0.996644 0.005749   -0.119845 -0.004092 0.992784
17.383333   3145.245664 2583.505960 1772.155519   -0.990416 -0.072205 -0.117739   0.072104 -0.997384 0.005128   -0.117801 -0.003411 0.993031
17.483333   3136.831819 2583.535400 1772.719722   -0.991862 -0.050455 -0.116895   0.050389 -0.998723 0.003516   -0.116923 -0.002403 0.993138
17.583333   3136.801341 2583.403678 1772.848461   -0.991530 -0.043400 -0.122411   0.043379 -0.999055 0.002842   -0.122419 -0.002492 0.992475
17.683333   3136.808757 2583.404740 1772.722460   -0.991622 -0.043325 -0.121691   0.043301 -0.999058 0.002842   -0.121699 -0.002452 0.992564
17.783333   3136.786268 2583.423751 1772.723651   -0.991590 -0.043141 -0.122019   0.043118 -0.999066 0.002826   -0.122027 -0.002459 0.992524
17.883333   3136.799787 2583.410201 1772.711611   -0.991647 -0.042739 -0.121696   0.042715 -0.999083 0.002801   -0.121704 -0.002421 0.992564
17.983333   3136.805457 2583.417931 1772.689791   -0.991748 -0.041010 -0.121464   0.040985 -0.999156 0.002699   -0.121472 -0.002301 0.992592
18.083333   3136.797957 2583.406891 1772.688011   -0.991848 -0.038238 -0.121550   0.038214 -0.999266 0.002527   -0.121558 -0.002138 0.992582
18.183333   3136.800487 2583.416841 1772.687651   -0.991745 -0.041913 -0.121181   0.041888 -0.999119 0.002751   -0.121190 -0.002348 0.992627
18.283333   3136.803337 2583.434831 1772.693611   -0.991693 -0.042359 -0.121455   0.042334 -0.999100 0.002790   -0.121464 -0.002375 0.992593
18.383333   3136.810557 2583.436191 1772.680971   -0.991701 -0.041526 -0.121678   0.041501 -0.999135 0.002740   -0.121687 -0.002332 0.992566
18.483333   3136.803196 2583.434991 1772.670011   -0.991684 -0.042426 -0.121498   0.042400 -0.999097 0.002807   -0.121508 -0.002368 0.992588
